{
 "cells": [
  {
   "cell_type": "markdown",
   "metadata": {},
   "source": [
    "# 2018-02-16 / FMA sub-sampling mk2\n",
    "\n",
    "* In case entrofy is too slow / doesn't work out, we'll make a backup sampler\n",
    "* Requirements:\n",
    "    * subsample of size N\n",
    "    * for each instrument, at least K positives\n",
    "\n",
    "# 2018-30-15 / Updates\n",
    "\n",
    "* License filtering: CC only\n",
    "* Sampling: 50/50 from 80/20 per instrument"
   ]
  },
  {
   "cell_type": "code",
   "execution_count": 8,
   "metadata": {},
   "outputs": [],
   "source": [
    "import numpy as np\n",
    "import pandas as pd\n",
    "from tqdm import tqdm_notebook as tqdm\n",
    "import gzip"
   ]
  },
  {
   "cell_type": "code",
   "execution_count": 2,
   "metadata": {},
   "outputs": [],
   "source": [
    "import seaborn as sns"
   ]
  },
  {
   "cell_type": "code",
   "execution_count": 3,
   "metadata": {},
   "outputs": [],
   "source": [
    "%matplotlib inline"
   ]
  },
  {
   "cell_type": "code",
   "execution_count": 4,
   "metadata": {},
   "outputs": [],
   "source": [
    "# Filter down to the set with valid licenses\n",
    "\n",
    "df_valid = pd.read_csv('/home/bmcfee/data/cc_tracks.csv.gz', usecols=[0])['track_id']\n",
    "df_valid = df_valid.apply(lambda x: '{:06d}'.format(x))"
   ]
  },
  {
   "cell_type": "code",
   "execution_count": 5,
   "metadata": {},
   "outputs": [],
   "source": [
    "valid_set = set(df_valid)"
   ]
  },
  {
   "cell_type": "code",
   "execution_count": 10,
   "metadata": {},
   "outputs": [],
   "source": [
    "df = pd.read_csv('/home/bmcfee/data/vggish-likelihoods-a226b3-maxagg10.csv.gz', index_col=0)"
   ]
  },
  {
   "cell_type": "code",
   "execution_count": 11,
   "metadata": {},
   "outputs": [
    {
     "data": {
      "application/vnd.jupyter.widget-view+json": {
       "model_id": "a9dee68ce9c149a789508f74a0568b2d",
       "version_major": 2,
       "version_minor": 0
      },
      "text/html": [
       "<p>Failed to display Jupyter Widget of type <code>HBox</code>.</p>\n",
       "<p>\n",
       "  If you're reading this message in Jupyter Notebook or JupyterLab, it may mean\n",
       "  that the widgets JavaScript is still loading. If this message persists, it\n",
       "  likely means that the widgets JavaScript library is either not installed or\n",
       "  not enabled. See the <a href=\"https://ipywidgets.readthedocs.io/en/stable/user_install.html\">Jupyter\n",
       "  Widgets Documentation</a> for setup instructions.\n",
       "</p>\n",
       "<p>\n",
       "  If you're reading this message in another notebook frontend (for example, a static\n",
       "  rendering on GitHub or <a href=\"https://nbviewer.jupyter.org/\">NBViewer</a>),\n",
       "  it may mean that your frontend doesn't currently support widgets.\n",
       "</p>\n"
      ],
      "text/plain": [
       "HBox(children=(IntProgress(value=0, max=29620525), HTML(value='')))"
      ]
     },
     "metadata": {},
     "output_type": "display_data"
    },
    {
     "name": "stdout",
     "output_type": "stream",
     "text": [
      "\n"
     ]
    }
   ],
   "source": [
    "df = df.drop([x for x in tqdm(df.index) if x[:6] not in valid_set])"
   ]
  },
  {
   "cell_type": "code",
   "execution_count": 12,
   "metadata": {},
   "outputs": [
    {
     "data": {
      "text/html": [
       "<div>\n",
       "<style>\n",
       "    .dataframe thead tr:only-child th {\n",
       "        text-align: right;\n",
       "    }\n",
       "\n",
       "    .dataframe thead th {\n",
       "        text-align: left;\n",
       "    }\n",
       "\n",
       "    .dataframe tbody tr th {\n",
       "        vertical-align: top;\n",
       "    }\n",
       "</style>\n",
       "<table border=\"1\" class=\"dataframe\">\n",
       "  <thead>\n",
       "    <tr style=\"text-align: right;\">\n",
       "      <th></th>\n",
       "      <th>accordion</th>\n",
       "      <th>bagpipes</th>\n",
       "      <th>banjo</th>\n",
       "      <th>bass</th>\n",
       "      <th>cello</th>\n",
       "      <th>clarinet</th>\n",
       "      <th>cymbals</th>\n",
       "      <th>drums</th>\n",
       "      <th>flute</th>\n",
       "      <th>guitar</th>\n",
       "      <th>...</th>\n",
       "      <th>mandolin</th>\n",
       "      <th>organ</th>\n",
       "      <th>piano</th>\n",
       "      <th>saxophone</th>\n",
       "      <th>synthesizer</th>\n",
       "      <th>trombone</th>\n",
       "      <th>trumpet</th>\n",
       "      <th>ukulele</th>\n",
       "      <th>violin</th>\n",
       "      <th>voice</th>\n",
       "    </tr>\n",
       "  </thead>\n",
       "  <tbody>\n",
       "    <tr>\n",
       "      <th>000002_0000</th>\n",
       "      <td>0.01542</td>\n",
       "      <td>0.008608</td>\n",
       "      <td>0.010215</td>\n",
       "      <td>0.035007</td>\n",
       "      <td>0.008873</td>\n",
       "      <td>0.00893</td>\n",
       "      <td>0.086853</td>\n",
       "      <td>0.671350</td>\n",
       "      <td>0.021807</td>\n",
       "      <td>0.135010</td>\n",
       "      <td>...</td>\n",
       "      <td>0.006079</td>\n",
       "      <td>0.011073</td>\n",
       "      <td>0.084341</td>\n",
       "      <td>0.015115</td>\n",
       "      <td>0.781432</td>\n",
       "      <td>0.012166</td>\n",
       "      <td>0.025021</td>\n",
       "      <td>0.044818</td>\n",
       "      <td>0.067646</td>\n",
       "      <td>0.999691</td>\n",
       "    </tr>\n",
       "    <tr>\n",
       "      <th>000002_0001</th>\n",
       "      <td>0.01542</td>\n",
       "      <td>0.008608</td>\n",
       "      <td>0.010215</td>\n",
       "      <td>0.076214</td>\n",
       "      <td>0.008873</td>\n",
       "      <td>0.00893</td>\n",
       "      <td>0.086853</td>\n",
       "      <td>0.630533</td>\n",
       "      <td>0.021807</td>\n",
       "      <td>0.244505</td>\n",
       "      <td>...</td>\n",
       "      <td>0.006079</td>\n",
       "      <td>0.011073</td>\n",
       "      <td>0.084341</td>\n",
       "      <td>0.015115</td>\n",
       "      <td>0.781432</td>\n",
       "      <td>0.012166</td>\n",
       "      <td>0.025021</td>\n",
       "      <td>0.044818</td>\n",
       "      <td>0.067646</td>\n",
       "      <td>0.999691</td>\n",
       "    </tr>\n",
       "    <tr>\n",
       "      <th>000002_0002</th>\n",
       "      <td>0.01542</td>\n",
       "      <td>0.008608</td>\n",
       "      <td>0.010215</td>\n",
       "      <td>0.076214</td>\n",
       "      <td>0.008873</td>\n",
       "      <td>0.00893</td>\n",
       "      <td>0.089177</td>\n",
       "      <td>0.858667</td>\n",
       "      <td>0.021807</td>\n",
       "      <td>0.244505</td>\n",
       "      <td>...</td>\n",
       "      <td>0.006079</td>\n",
       "      <td>0.011073</td>\n",
       "      <td>0.084341</td>\n",
       "      <td>0.015115</td>\n",
       "      <td>0.188291</td>\n",
       "      <td>0.012166</td>\n",
       "      <td>0.025021</td>\n",
       "      <td>0.044818</td>\n",
       "      <td>0.067646</td>\n",
       "      <td>0.999691</td>\n",
       "    </tr>\n",
       "    <tr>\n",
       "      <th>000002_0003</th>\n",
       "      <td>0.01542</td>\n",
       "      <td>0.008608</td>\n",
       "      <td>0.010215</td>\n",
       "      <td>0.076214</td>\n",
       "      <td>0.004974</td>\n",
       "      <td>0.00893</td>\n",
       "      <td>0.089177</td>\n",
       "      <td>0.858667</td>\n",
       "      <td>0.012667</td>\n",
       "      <td>0.244505</td>\n",
       "      <td>...</td>\n",
       "      <td>0.003388</td>\n",
       "      <td>0.009051</td>\n",
       "      <td>0.040380</td>\n",
       "      <td>0.009120</td>\n",
       "      <td>0.131694</td>\n",
       "      <td>0.005950</td>\n",
       "      <td>0.014247</td>\n",
       "      <td>0.044818</td>\n",
       "      <td>0.067646</td>\n",
       "      <td>0.999691</td>\n",
       "    </tr>\n",
       "    <tr>\n",
       "      <th>000002_0004</th>\n",
       "      <td>0.01542</td>\n",
       "      <td>0.008608</td>\n",
       "      <td>0.009334</td>\n",
       "      <td>0.076214</td>\n",
       "      <td>0.004974</td>\n",
       "      <td>0.00893</td>\n",
       "      <td>0.089177</td>\n",
       "      <td>0.858667</td>\n",
       "      <td>0.012667</td>\n",
       "      <td>0.244505</td>\n",
       "      <td>...</td>\n",
       "      <td>0.003388</td>\n",
       "      <td>0.017866</td>\n",
       "      <td>0.078745</td>\n",
       "      <td>0.009120</td>\n",
       "      <td>0.204007</td>\n",
       "      <td>0.005950</td>\n",
       "      <td>0.014247</td>\n",
       "      <td>0.028634</td>\n",
       "      <td>0.088025</td>\n",
       "      <td>0.999691</td>\n",
       "    </tr>\n",
       "  </tbody>\n",
       "</table>\n",
       "<p>5 rows × 23 columns</p>\n",
       "</div>"
      ],
      "text/plain": [
       "             accordion  bagpipes     banjo      bass     cello  clarinet  \\\n",
       "000002_0000    0.01542  0.008608  0.010215  0.035007  0.008873   0.00893   \n",
       "000002_0001    0.01542  0.008608  0.010215  0.076214  0.008873   0.00893   \n",
       "000002_0002    0.01542  0.008608  0.010215  0.076214  0.008873   0.00893   \n",
       "000002_0003    0.01542  0.008608  0.010215  0.076214  0.004974   0.00893   \n",
       "000002_0004    0.01542  0.008608  0.009334  0.076214  0.004974   0.00893   \n",
       "\n",
       "              cymbals     drums     flute    guitar    ...     mandolin  \\\n",
       "000002_0000  0.086853  0.671350  0.021807  0.135010    ...     0.006079   \n",
       "000002_0001  0.086853  0.630533  0.021807  0.244505    ...     0.006079   \n",
       "000002_0002  0.089177  0.858667  0.021807  0.244505    ...     0.006079   \n",
       "000002_0003  0.089177  0.858667  0.012667  0.244505    ...     0.003388   \n",
       "000002_0004  0.089177  0.858667  0.012667  0.244505    ...     0.003388   \n",
       "\n",
       "                organ     piano  saxophone  synthesizer  trombone   trumpet  \\\n",
       "000002_0000  0.011073  0.084341   0.015115     0.781432  0.012166  0.025021   \n",
       "000002_0001  0.011073  0.084341   0.015115     0.781432  0.012166  0.025021   \n",
       "000002_0002  0.011073  0.084341   0.015115     0.188291  0.012166  0.025021   \n",
       "000002_0003  0.009051  0.040380   0.009120     0.131694  0.005950  0.014247   \n",
       "000002_0004  0.017866  0.078745   0.009120     0.204007  0.005950  0.014247   \n",
       "\n",
       "              ukulele    violin     voice  \n",
       "000002_0000  0.044818  0.067646  0.999691  \n",
       "000002_0001  0.044818  0.067646  0.999691  \n",
       "000002_0002  0.044818  0.067646  0.999691  \n",
       "000002_0003  0.044818  0.067646  0.999691  \n",
       "000002_0004  0.028634  0.088025  0.999691  \n",
       "\n",
       "[5 rows x 23 columns]"
      ]
     },
     "execution_count": 12,
     "metadata": {},
     "output_type": "execute_result"
    }
   ],
   "source": [
    "df.head(5)"
   ]
  },
  {
   "cell_type": "markdown",
   "metadata": {},
   "source": [
    "# Algorithm\n",
    "- For each instrument, split at the *QUANTILE* by likelihood\n",
    "- Skip tracks that have already appeared\n",
    "- Take *BALANCE* samples uniformly from above the quantile, and *1-BALANCE* from below.\n",
    "- Handle instruments by increasing order of median likelihood"
   ]
  },
  {
   "cell_type": "code",
   "execution_count": 34,
   "metadata": {},
   "outputs": [],
   "source": [
    "K = 1000\n",
    "N = K * 23\n",
    "\n",
    "BALANCE = 0.5\n",
    "QUANTILE = 0.8"
   ]
  },
  {
   "cell_type": "code",
   "execution_count": 16,
   "metadata": {},
   "outputs": [],
   "source": [
    "dfm = df.median(axis=0)"
   ]
  },
  {
   "cell_type": "code",
   "execution_count": 21,
   "metadata": {},
   "outputs": [],
   "source": [
    "inst_order = dfm.sort_values().index"
   ]
  },
  {
   "cell_type": "code",
   "execution_count": 22,
   "metadata": {},
   "outputs": [
    {
     "data": {
      "text/plain": [
       "Index(['banjo', 'mandolin', 'harp', 'clarinet', 'bagpipes', 'accordion',\n",
       "       'harmonica', 'ukulele', 'trombone', 'trumpet', 'cello', 'saxophone',\n",
       "       'flute', 'organ', 'mallet_percussion', 'cymbals', 'violin', 'piano',\n",
       "       'bass', 'synthesizer', 'guitar', 'drums', 'voice'],\n",
       "      dtype='object')"
      ]
     },
     "execution_count": 22,
     "metadata": {},
     "output_type": "execute_result"
    }
   ],
   "source": [
    "inst_order"
   ]
  },
  {
   "cell_type": "code",
   "execution_count": 24,
   "metadata": {},
   "outputs": [],
   "source": [
    "idx_inst = df[inst_order[0]].sort_values(ascending=False).index"
   ]
  },
  {
   "cell_type": "code",
   "execution_count": 26,
   "metadata": {},
   "outputs": [
    {
     "data": {
      "text/plain": [
       "29475739"
      ]
     },
     "execution_count": 26,
     "metadata": {},
     "output_type": "execute_result"
    }
   ],
   "source": [
    "len(idx_inst)"
   ]
  },
  {
   "cell_type": "code",
   "execution_count": 35,
   "metadata": {},
   "outputs": [],
   "source": []
  },
  {
   "cell_type": "code",
   "execution_count": 36,
   "metadata": {},
   "outputs": [
    {
     "data": {
      "text/plain": [
       "5895147"
      ]
     },
     "execution_count": 36,
     "metadata": {},
     "output_type": "execute_result"
    }
   ],
   "source": [
    "pos_thresh"
   ]
  },
  {
   "cell_type": "code",
   "execution_count": 38,
   "metadata": {},
   "outputs": [],
   "source": [
    "idx_pos = idx_inst[:pos_thresh]"
   ]
  },
  {
   "cell_type": "code",
   "execution_count": 39,
   "metadata": {},
   "outputs": [
    {
     "data": {
      "text/plain": [
       "array(['086777_0485', '136517_0405', '118261_0098', ..., '099490_0069',\n",
       "       '108040_0184', '091533_0020'], dtype=object)"
      ]
     },
     "execution_count": 39,
     "metadata": {},
     "output_type": "execute_result"
    }
   ],
   "source": [
    "np.random.permutation(idx_pos)"
   ]
  },
  {
   "cell_type": "code",
   "execution_count": 40,
   "metadata": {},
   "outputs": [],
   "source": [
    "rng = np.random.RandomState(20180315)"
   ]
  },
  {
   "cell_type": "code",
   "execution_count": 41,
   "metadata": {},
   "outputs": [
    {
     "data": {
      "application/vnd.jupyter.widget-view+json": {
       "model_id": "7c880d9a89fa4b518022fa6af9a5b02b",
       "version_major": 2,
       "version_minor": 0
      },
      "text/html": [
       "<p>Failed to display Jupyter Widget of type <code>HBox</code>.</p>\n",
       "<p>\n",
       "  If you're reading this message in Jupyter Notebook or JupyterLab, it may mean\n",
       "  that the widgets JavaScript is still loading. If this message persists, it\n",
       "  likely means that the widgets JavaScript library is either not installed or\n",
       "  not enabled. See the <a href=\"https://ipywidgets.readthedocs.io/en/stable/user_install.html\">Jupyter\n",
       "  Widgets Documentation</a> for setup instructions.\n",
       "</p>\n",
       "<p>\n",
       "  If you're reading this message in another notebook frontend (for example, a static\n",
       "  rendering on GitHub or <a href=\"https://nbviewer.jupyter.org/\">NBViewer</a>),\n",
       "  it may mean that your frontend doesn't currently support widgets.\n",
       "</p>\n"
      ],
      "text/plain": [
       "HBox(children=(IntProgress(value=0, max=23), HTML(value='')))"
      ]
     },
     "metadata": {},
     "output_type": "display_data"
    },
    {
     "name": "stdout",
     "output_type": "stream",
     "text": [
      "\n"
     ]
    }
   ],
   "source": [
    "idx_set = set()\n",
    "track_set = set()\n",
    "\n",
    "\n",
    "N_ABOVE = int(BALANCE * K)\n",
    "N_BELOW = int(K * (1 - BALANCE))\n",
    "\n",
    "pos_thresh = int((1 - QUANTILE) * len(idx_inst))\n",
    "\n",
    "for col in tqdm(inst_order):\n",
    "\n",
    "    # This gives a descending sort of the instruments by likelihood\n",
    "    idx_inst = df[col].sort_values(ascending=False).index\n",
    "    \n",
    "    # Get the top quantile\n",
    "    idx_pos = idx_inst[:pos_thresh]\n",
    "\n",
    "    # Randomly permute\n",
    "    idx_pos = rng.permutation(idx_pos)\n",
    "    \n",
    "    count = 0\n",
    "    \n",
    "    # Make a uniform selection within the top \n",
    "    for v in idx_pos:\n",
    "        track, seg = v.split('_', maxsplit=1)\n",
    "        \n",
    "        if track in track_set:\n",
    "            continue\n",
    "            \n",
    "        idx_set.add(v)\n",
    "        track_set.add(track)\n",
    "        count += 1\n",
    "        \n",
    "        if count == N_ABOVE:\n",
    "            break\n",
    "            \n",
    "    # Get the bottom quantile\n",
    "    idx_neg = idx_inst[pos_thresh:]\n",
    "\n",
    "    # Randomly permute\n",
    "    idx_neg = rng.permutation(idx_neg)\n",
    "    \n",
    "    count = 0\n",
    "    \n",
    "    # Make a uniform selection within the top \n",
    "    for v in idx_neg:\n",
    "        track, seg = v.split('_', maxsplit=1)\n",
    "        \n",
    "        if track in track_set:\n",
    "            continue\n",
    "            \n",
    "        idx_set.add(v)\n",
    "        track_set.add(track)\n",
    "        count += 1\n",
    "        \n",
    "        if count == N_BELOW:\n",
    "            break"
   ]
  },
  {
   "cell_type": "code",
   "execution_count": 42,
   "metadata": {},
   "outputs": [],
   "source": [
    "df_sample = df.loc[idx_set]"
   ]
  },
  {
   "cell_type": "code",
   "execution_count": 43,
   "metadata": {},
   "outputs": [
    {
     "data": {
      "text/html": [
       "<div>\n",
       "<style>\n",
       "    .dataframe thead tr:only-child th {\n",
       "        text-align: right;\n",
       "    }\n",
       "\n",
       "    .dataframe thead th {\n",
       "        text-align: left;\n",
       "    }\n",
       "\n",
       "    .dataframe tbody tr th {\n",
       "        vertical-align: top;\n",
       "    }\n",
       "</style>\n",
       "<table border=\"1\" class=\"dataframe\">\n",
       "  <thead>\n",
       "    <tr style=\"text-align: right;\">\n",
       "      <th></th>\n",
       "      <th>accordion</th>\n",
       "      <th>bagpipes</th>\n",
       "      <th>banjo</th>\n",
       "      <th>bass</th>\n",
       "      <th>cello</th>\n",
       "      <th>clarinet</th>\n",
       "      <th>cymbals</th>\n",
       "      <th>drums</th>\n",
       "      <th>flute</th>\n",
       "      <th>guitar</th>\n",
       "      <th>...</th>\n",
       "      <th>mandolin</th>\n",
       "      <th>organ</th>\n",
       "      <th>piano</th>\n",
       "      <th>saxophone</th>\n",
       "      <th>synthesizer</th>\n",
       "      <th>trombone</th>\n",
       "      <th>trumpet</th>\n",
       "      <th>ukulele</th>\n",
       "      <th>violin</th>\n",
       "      <th>voice</th>\n",
       "    </tr>\n",
       "  </thead>\n",
       "  <tbody>\n",
       "    <tr>\n",
       "      <th>count</th>\n",
       "      <td>23000.000000</td>\n",
       "      <td>23000.000000</td>\n",
       "      <td>23000.000000</td>\n",
       "      <td>23000.000000</td>\n",
       "      <td>23000.000000</td>\n",
       "      <td>23000.000000</td>\n",
       "      <td>23000.000000</td>\n",
       "      <td>23000.000000</td>\n",
       "      <td>23000.000000</td>\n",
       "      <td>23000.000000</td>\n",
       "      <td>...</td>\n",
       "      <td>23000.000000</td>\n",
       "      <td>23000.000000</td>\n",
       "      <td>23000.000000</td>\n",
       "      <td>23000.000000</td>\n",
       "      <td>23000.000000</td>\n",
       "      <td>23000.000000</td>\n",
       "      <td>23000.000000</td>\n",
       "      <td>23000.000000</td>\n",
       "      <td>23000.000000</td>\n",
       "      <td>23000.000000</td>\n",
       "    </tr>\n",
       "    <tr>\n",
       "      <th>mean</th>\n",
       "      <td>0.029255</td>\n",
       "      <td>0.023260</td>\n",
       "      <td>0.015367</td>\n",
       "      <td>0.173789</td>\n",
       "      <td>0.053562</td>\n",
       "      <td>0.014728</td>\n",
       "      <td>0.098883</td>\n",
       "      <td>0.592259</td>\n",
       "      <td>0.062435</td>\n",
       "      <td>0.607389</td>\n",
       "      <td>...</td>\n",
       "      <td>0.015870</td>\n",
       "      <td>0.074887</td>\n",
       "      <td>0.163819</td>\n",
       "      <td>0.052172</td>\n",
       "      <td>0.323989</td>\n",
       "      <td>0.035277</td>\n",
       "      <td>0.040471</td>\n",
       "      <td>0.038279</td>\n",
       "      <td>0.180095</td>\n",
       "      <td>0.706060</td>\n",
       "    </tr>\n",
       "    <tr>\n",
       "      <th>std</th>\n",
       "      <td>0.083442</td>\n",
       "      <td>0.078448</td>\n",
       "      <td>0.046022</td>\n",
       "      <td>0.109676</td>\n",
       "      <td>0.110997</td>\n",
       "      <td>0.032556</td>\n",
       "      <td>0.084778</td>\n",
       "      <td>0.292617</td>\n",
       "      <td>0.121498</td>\n",
       "      <td>0.295856</td>\n",
       "      <td>...</td>\n",
       "      <td>0.042100</td>\n",
       "      <td>0.106242</td>\n",
       "      <td>0.145217</td>\n",
       "      <td>0.111789</td>\n",
       "      <td>0.250389</td>\n",
       "      <td>0.075214</td>\n",
       "      <td>0.077221</td>\n",
       "      <td>0.074948</td>\n",
       "      <td>0.216622</td>\n",
       "      <td>0.302039</td>\n",
       "    </tr>\n",
       "    <tr>\n",
       "      <th>min</th>\n",
       "      <td>0.000045</td>\n",
       "      <td>0.000001</td>\n",
       "      <td>0.000023</td>\n",
       "      <td>0.004175</td>\n",
       "      <td>0.000099</td>\n",
       "      <td>0.000018</td>\n",
       "      <td>0.000051</td>\n",
       "      <td>0.000857</td>\n",
       "      <td>0.000106</td>\n",
       "      <td>0.015541</td>\n",
       "      <td>...</td>\n",
       "      <td>0.000026</td>\n",
       "      <td>0.000313</td>\n",
       "      <td>0.001630</td>\n",
       "      <td>0.000211</td>\n",
       "      <td>0.000772</td>\n",
       "      <td>0.000026</td>\n",
       "      <td>0.000041</td>\n",
       "      <td>0.000056</td>\n",
       "      <td>0.000920</td>\n",
       "      <td>0.009486</td>\n",
       "    </tr>\n",
       "    <tr>\n",
       "      <th>25%</th>\n",
       "      <td>0.004100</td>\n",
       "      <td>0.002873</td>\n",
       "      <td>0.002035</td>\n",
       "      <td>0.095061</td>\n",
       "      <td>0.009889</td>\n",
       "      <td>0.003024</td>\n",
       "      <td>0.040457</td>\n",
       "      <td>0.359092</td>\n",
       "      <td>0.011115</td>\n",
       "      <td>0.347581</td>\n",
       "      <td>...</td>\n",
       "      <td>0.002347</td>\n",
       "      <td>0.019007</td>\n",
       "      <td>0.072076</td>\n",
       "      <td>0.012192</td>\n",
       "      <td>0.094710</td>\n",
       "      <td>0.007483</td>\n",
       "      <td>0.009302</td>\n",
       "      <td>0.005621</td>\n",
       "      <td>0.052565</td>\n",
       "      <td>0.445858</td>\n",
       "    </tr>\n",
       "    <tr>\n",
       "      <th>50%</th>\n",
       "      <td>0.008987</td>\n",
       "      <td>0.007126</td>\n",
       "      <td>0.005523</td>\n",
       "      <td>0.155269</td>\n",
       "      <td>0.018799</td>\n",
       "      <td>0.007594</td>\n",
       "      <td>0.077496</td>\n",
       "      <td>0.618647</td>\n",
       "      <td>0.025247</td>\n",
       "      <td>0.594905</td>\n",
       "      <td>...</td>\n",
       "      <td>0.005667</td>\n",
       "      <td>0.038444</td>\n",
       "      <td>0.129258</td>\n",
       "      <td>0.022343</td>\n",
       "      <td>0.283141</td>\n",
       "      <td>0.014437</td>\n",
       "      <td>0.018510</td>\n",
       "      <td>0.014002</td>\n",
       "      <td>0.098506</td>\n",
       "      <td>0.822120</td>\n",
       "    </tr>\n",
       "    <tr>\n",
       "      <th>75%</th>\n",
       "      <td>0.021172</td>\n",
       "      <td>0.017086</td>\n",
       "      <td>0.014643</td>\n",
       "      <td>0.228218</td>\n",
       "      <td>0.039830</td>\n",
       "      <td>0.015419</td>\n",
       "      <td>0.133859</td>\n",
       "      <td>0.866923</td>\n",
       "      <td>0.056738</td>\n",
       "      <td>0.919674</td>\n",
       "      <td>...</td>\n",
       "      <td>0.013670</td>\n",
       "      <td>0.084713</td>\n",
       "      <td>0.205593</td>\n",
       "      <td>0.041616</td>\n",
       "      <td>0.512114</td>\n",
       "      <td>0.030147</td>\n",
       "      <td>0.036996</td>\n",
       "      <td>0.038473</td>\n",
       "      <td>0.205518</td>\n",
       "      <td>0.987816</td>\n",
       "    </tr>\n",
       "    <tr>\n",
       "      <th>max</th>\n",
       "      <td>0.986288</td>\n",
       "      <td>0.998995</td>\n",
       "      <td>0.948913</td>\n",
       "      <td>0.908077</td>\n",
       "      <td>0.916733</td>\n",
       "      <td>0.911034</td>\n",
       "      <td>0.942885</td>\n",
       "      <td>0.998915</td>\n",
       "      <td>0.985745</td>\n",
       "      <td>0.999668</td>\n",
       "      <td>...</td>\n",
       "      <td>0.831260</td>\n",
       "      <td>0.959128</td>\n",
       "      <td>0.963889</td>\n",
       "      <td>0.961027</td>\n",
       "      <td>0.955806</td>\n",
       "      <td>0.916121</td>\n",
       "      <td>0.923414</td>\n",
       "      <td>0.901138</td>\n",
       "      <td>0.998601</td>\n",
       "      <td>0.999985</td>\n",
       "    </tr>\n",
       "  </tbody>\n",
       "</table>\n",
       "<p>8 rows × 23 columns</p>\n",
       "</div>"
      ],
      "text/plain": [
       "          accordion      bagpipes         banjo          bass         cello  \\\n",
       "count  23000.000000  23000.000000  23000.000000  23000.000000  23000.000000   \n",
       "mean       0.029255      0.023260      0.015367      0.173789      0.053562   \n",
       "std        0.083442      0.078448      0.046022      0.109676      0.110997   \n",
       "min        0.000045      0.000001      0.000023      0.004175      0.000099   \n",
       "25%        0.004100      0.002873      0.002035      0.095061      0.009889   \n",
       "50%        0.008987      0.007126      0.005523      0.155269      0.018799   \n",
       "75%        0.021172      0.017086      0.014643      0.228218      0.039830   \n",
       "max        0.986288      0.998995      0.948913      0.908077      0.916733   \n",
       "\n",
       "           clarinet       cymbals         drums         flute        guitar  \\\n",
       "count  23000.000000  23000.000000  23000.000000  23000.000000  23000.000000   \n",
       "mean       0.014728      0.098883      0.592259      0.062435      0.607389   \n",
       "std        0.032556      0.084778      0.292617      0.121498      0.295856   \n",
       "min        0.000018      0.000051      0.000857      0.000106      0.015541   \n",
       "25%        0.003024      0.040457      0.359092      0.011115      0.347581   \n",
       "50%        0.007594      0.077496      0.618647      0.025247      0.594905   \n",
       "75%        0.015419      0.133859      0.866923      0.056738      0.919674   \n",
       "max        0.911034      0.942885      0.998915      0.985745      0.999668   \n",
       "\n",
       "           ...           mandolin         organ         piano     saxophone  \\\n",
       "count      ...       23000.000000  23000.000000  23000.000000  23000.000000   \n",
       "mean       ...           0.015870      0.074887      0.163819      0.052172   \n",
       "std        ...           0.042100      0.106242      0.145217      0.111789   \n",
       "min        ...           0.000026      0.000313      0.001630      0.000211   \n",
       "25%        ...           0.002347      0.019007      0.072076      0.012192   \n",
       "50%        ...           0.005667      0.038444      0.129258      0.022343   \n",
       "75%        ...           0.013670      0.084713      0.205593      0.041616   \n",
       "max        ...           0.831260      0.959128      0.963889      0.961027   \n",
       "\n",
       "        synthesizer      trombone       trumpet       ukulele        violin  \\\n",
       "count  23000.000000  23000.000000  23000.000000  23000.000000  23000.000000   \n",
       "mean       0.323989      0.035277      0.040471      0.038279      0.180095   \n",
       "std        0.250389      0.075214      0.077221      0.074948      0.216622   \n",
       "min        0.000772      0.000026      0.000041      0.000056      0.000920   \n",
       "25%        0.094710      0.007483      0.009302      0.005621      0.052565   \n",
       "50%        0.283141      0.014437      0.018510      0.014002      0.098506   \n",
       "75%        0.512114      0.030147      0.036996      0.038473      0.205518   \n",
       "max        0.955806      0.916121      0.923414      0.901138      0.998601   \n",
       "\n",
       "              voice  \n",
       "count  23000.000000  \n",
       "mean       0.706060  \n",
       "std        0.302039  \n",
       "min        0.009486  \n",
       "25%        0.445858  \n",
       "50%        0.822120  \n",
       "75%        0.987816  \n",
       "max        0.999985  \n",
       "\n",
       "[8 rows x 23 columns]"
      ]
     },
     "execution_count": 43,
     "metadata": {},
     "output_type": "execute_result"
    }
   ],
   "source": [
    "df_sample.describe()"
   ]
  },
  {
   "cell_type": "code",
   "execution_count": 45,
   "metadata": {},
   "outputs": [],
   "source": [
    "import json"
   ]
  },
  {
   "cell_type": "code",
   "execution_count": 46,
   "metadata": {},
   "outputs": [],
   "source": [
    "with open('../notebooks/subsample_idx_greedy_balanced.json', 'w') as fd:\n",
    "    json.dump(list(idx_set), fd, indent=2)"
   ]
  },
  {
   "cell_type": "markdown",
   "metadata": {},
   "source": [
    "---\n",
    "## Figures"
   ]
  },
  {
   "cell_type": "code",
   "execution_count": 47,
   "metadata": {},
   "outputs": [],
   "source": [
    "Xs = df_sample.values"
   ]
  },
  {
   "cell_type": "code",
   "execution_count": 48,
   "metadata": {},
   "outputs": [
    {
     "data": {
      "text/plain": [
       "array([[  6.96254550e-03,   1.45497710e-03,   4.12710597e-04,\n",
       "         -8.93825531e-04,   1.08590513e-03,   6.19326386e-04,\n",
       "         -6.23210306e-04,  -3.53338284e-03,   9.17504658e-04,\n",
       "         -2.46627778e-03,   2.84848454e-03,   1.08697529e-04,\n",
       "          1.04468146e-04,   3.29697307e-04,   1.88698075e-03,\n",
       "          1.25071921e-03,   1.92762309e-03,  -2.67024991e-04,\n",
       "          1.20028381e-03,   1.59591236e-03,   3.93465396e-04,\n",
       "          6.10405226e-03,  -6.09126200e-04],\n",
       "       [  1.45497710e-03,   6.15401596e-03,   6.67309089e-05,\n",
       "         -9.19046570e-04,   4.35996037e-04,   3.56584930e-04,\n",
       "         -3.03378794e-04,  -1.74967307e-03,   9.78512857e-04,\n",
       "         -2.31534126e-03,   1.73737747e-03,  -6.17947636e-05,\n",
       "          3.97963258e-04,   8.26004410e-05,   8.48378161e-04,\n",
       "          1.47315439e-04,   6.49472504e-04,   6.65037256e-05,\n",
       "          4.56842625e-04,   9.24793631e-04,  -7.37394724e-05,\n",
       "          5.03438336e-03,  -3.96409622e-04],\n",
       "       [  4.12710597e-04,   6.67309089e-05,   2.11803146e-03,\n",
       "         -2.76529777e-04,  -1.73338406e-05,   5.45976097e-05,\n",
       "         -2.65949656e-04,  -1.60738066e-03,   1.17955136e-04,\n",
       "          1.42970508e-03,   2.82639641e-04,   2.65039222e-04,\n",
       "          2.12004848e-04,   9.88765615e-04,  -5.52900414e-05,\n",
       "          2.55219807e-05,   1.81570319e-04,  -1.33373244e-03,\n",
       "          6.19398261e-05,   9.86051741e-05,   1.51162936e-03,\n",
       "          9.04820843e-04,   9.72392508e-04],\n",
       "       [ -8.93825531e-04,  -9.19046570e-04,  -2.76529777e-04,\n",
       "          1.20288975e-02,   3.12973077e-03,  -3.43276246e-05,\n",
       "          6.78425588e-04,   2.27530731e-04,  -1.90148075e-03,\n",
       "          1.97202240e-02,  -9.25720428e-04,   1.61367468e-06,\n",
       "         -1.54985604e-03,  -2.46749103e-04,   1.93609947e-04,\n",
       "         -1.08142016e-03,   2.71201941e-04,  -1.72616456e-03,\n",
       "          2.29005854e-04,  -5.08623409e-04,  -1.44350480e-04,\n",
       "         -3.56925886e-03,   1.38612055e-05],\n",
       "       [  1.08590513e-03,   4.35996037e-04,  -1.73338406e-05,\n",
       "          3.12973077e-03,   1.23203057e-02,   9.64263516e-04,\n",
       "         -2.01645881e-03,  -9.75986346e-03,   1.62334659e-03,\n",
       "         -1.36884489e-03,   4.80159428e-04,   4.98091772e-04,\n",
       "          5.96058426e-04,   1.03696676e-04,   3.31664488e-03,\n",
       "          3.37399153e-03,   2.23855363e-03,  -1.25609493e-04,\n",
       "          1.97500508e-03,   1.44657926e-03,  -7.30718551e-05,\n",
       "          1.21506229e-02,  -2.82912975e-03],\n",
       "       [  6.19326386e-04,   3.56584930e-04,   5.45976097e-05,\n",
       "         -3.43276246e-05,   9.64263516e-04,   1.05990213e-03,\n",
       "         -2.88772663e-04,  -1.91193688e-03,   1.63997315e-03,\n",
       "         -2.67759074e-04,   5.04662909e-04,   8.48470935e-05,\n",
       "          2.85652734e-04,   7.66830898e-05,   5.78997557e-04,\n",
       "          6.86192455e-04,   1.69889706e-03,  -7.15407437e-05,\n",
       "          8.69215357e-04,   1.21576593e-03,   9.91157898e-05,\n",
       "          2.53018249e-03,  -7.96773731e-04],\n",
       "       [ -6.23210306e-04,  -3.03378794e-04,  -2.65949656e-04,\n",
       "          6.78425588e-04,  -2.01645881e-03,  -2.88772663e-04,\n",
       "          7.18724781e-03,   1.53745862e-02,  -1.34369034e-03,\n",
       "          3.35902845e-03,  -6.01801233e-04,  -5.92960497e-04,\n",
       "         -5.51430192e-04,  -3.66709064e-04,  -1.87462372e-03,\n",
       "         -2.59401155e-03,   5.47042850e-04,  -4.03311770e-03,\n",
       "         -2.55633756e-04,  -1.53703081e-04,  -8.72060632e-04,\n",
       "         -4.05220274e-03,   1.01257896e-03],\n",
       "       [ -3.53338284e-03,  -1.74967307e-03,  -1.60738066e-03,\n",
       "          2.27530731e-04,  -9.75986346e-03,  -1.91193688e-03,\n",
       "          1.53745862e-02,   8.56249026e-02,  -7.28539938e-03,\n",
       "         -1.32228437e-02,  -4.39982872e-03,  -3.37583412e-03,\n",
       "         -3.74693233e-03,  -2.26216587e-03,  -7.29943275e-03,\n",
       "         -1.14461521e-02,  -2.66150989e-03,   1.18827096e-02,\n",
       "         -1.81009784e-03,  -2.13909890e-03,  -5.48230383e-03,\n",
       "         -1.96636573e-02,  -1.48951992e-03],\n",
       "       [  9.17504658e-04,   9.78512857e-04,   1.17955136e-04,\n",
       "         -1.90148075e-03,   1.62334659e-03,   1.63997315e-03,\n",
       "         -1.34369034e-03,  -7.28539938e-03,   1.47618651e-02,\n",
       "         -4.28318196e-03,   2.02980652e-03,   2.91725553e-04,\n",
       "          3.86596890e-03,   3.60740973e-04,   1.92199376e-03,\n",
       "          2.61982424e-03,   1.94356374e-03,   2.40635923e-03,\n",
       "          9.91884869e-04,   2.06719270e-03,   5.18477186e-04,\n",
       "          8.74586490e-03,  -4.02045597e-04],\n",
       "       [ -2.46627778e-03,  -2.31534126e-03,   1.42970508e-03,\n",
       "          1.97202240e-02,  -1.36884489e-03,  -2.67759074e-04,\n",
       "          3.35902845e-03,  -1.32228437e-02,  -4.28318196e-03,\n",
       "          8.75307020e-02,  -1.03056980e-03,   1.50255537e-03,\n",
       "         -3.30774437e-03,   1.82523172e-03,  -2.49784714e-03,\n",
       "         -2.46470999e-03,   1.63316316e-03,  -2.34061394e-02,\n",
       "         -1.34335079e-03,  -1.99924815e-03,   4.56476325e-03,\n",
       "         -1.24221470e-02,   8.40745401e-03],\n",
       "       [  2.84848454e-03,   1.73737747e-03,   2.82639641e-04,\n",
       "         -9.25720428e-04,   4.80159428e-04,   5.04662909e-04,\n",
       "         -6.01801233e-04,  -4.39982872e-03,   2.02980652e-03,\n",
       "         -1.03056980e-03,   5.93610778e-03,   1.00827973e-04,\n",
       "          4.24664810e-04,   4.61834877e-04,   7.09179183e-04,\n",
       "          7.19883053e-04,   1.37031186e-03,  -5.24116412e-04,\n",
       "          2.84009773e-04,   9.09936861e-04,   5.45492458e-04,\n",
       "          6.28316432e-03,  -1.43969159e-03],\n",
       "       [  1.08697529e-04,  -6.17947636e-05,   2.65039222e-04,\n",
       "          1.61367468e-06,   4.98091772e-04,   8.48470935e-05,\n",
       "         -5.92960497e-04,  -3.37583412e-03,   2.91725553e-04,\n",
       "          1.50255537e-03,   1.00827973e-04,   2.37596876e-03,\n",
       "          1.03429780e-03,   6.26762063e-04,   3.30240658e-04,\n",
       "          1.52929897e-03,   2.71650942e-05,  -8.19216425e-04,\n",
       "          3.46998552e-05,  -1.50595584e-05,   1.39325198e-03,\n",
       "          7.04624371e-04,  -6.23214817e-04],\n",
       "       [  1.04468146e-04,   3.97963258e-04,   2.12004848e-04,\n",
       "         -1.54985604e-03,   5.96058426e-04,   2.85652734e-04,\n",
       "         -5.51430192e-04,  -3.74693233e-03,   3.86596890e-03,\n",
       "         -3.30774437e-03,   4.24664810e-04,   1.03429780e-03,\n",
       "          1.57824656e-02,   4.34938023e-04,   2.26693935e-03,\n",
       "          4.78293950e-03,  -2.21989133e-04,   4.51480947e-03,\n",
       "          9.00180831e-05,   1.72923248e-04,   1.14996610e-03,\n",
       "          2.80489286e-03,  -1.58279974e-03],\n",
       "       [  3.29697307e-04,   8.26004410e-05,   9.88765615e-04,\n",
       "         -2.46749103e-04,   1.03696676e-04,   7.66830898e-05,\n",
       "         -3.66709064e-04,  -2.26216587e-03,   3.60740973e-04,\n",
       "          1.82523172e-03,   4.61834877e-04,   6.26762063e-04,\n",
       "          4.34938023e-04,   1.77242733e-03,  -3.80476467e-05,\n",
       "          3.20578959e-04,   1.82046114e-04,  -1.03591013e-03,\n",
       "          3.85908861e-06,   6.05559099e-05,   2.14217898e-03,\n",
       "          1.18855354e-03,  -6.13419089e-04],\n",
       "       [  1.88698075e-03,   8.48378161e-04,  -5.52900414e-05,\n",
       "          1.93609947e-04,   3.31664488e-03,   5.78997557e-04,\n",
       "         -1.87462372e-03,  -7.29943275e-03,   1.92199376e-03,\n",
       "         -2.49784714e-03,   7.09179183e-04,   3.30240658e-04,\n",
       "          2.26693935e-03,  -3.80476467e-05,   1.12874105e-02,\n",
       "          6.16159367e-03,   8.75217819e-04,   3.87822154e-03,\n",
       "          1.70187546e-03,   1.47457841e-03,  -2.62173013e-04,\n",
       "          6.24144241e-03,  -1.86722312e-03],\n",
       "       [  1.25071921e-03,   1.47315439e-04,   2.55219807e-05,\n",
       "         -1.08142016e-03,   3.37399153e-03,   6.86192455e-04,\n",
       "         -2.59401155e-03,  -1.14461521e-02,   2.61982424e-03,\n",
       "         -2.46470999e-03,   7.19883053e-04,   1.52929897e-03,\n",
       "          4.78293950e-03,   3.20578959e-04,   6.16159367e-03,\n",
       "          2.10880281e-02,   1.05082704e-03,   8.66120871e-03,\n",
       "          1.25464446e-03,   1.12479360e-03,   1.88632003e-04,\n",
       "          5.59277280e-03,  -9.72010277e-03],\n",
       "       [  1.92762309e-03,   6.49472504e-04,   1.81570319e-04,\n",
