{
 "cells": [
  {
   "cell_type": "markdown",
   "metadata": {},
   "source": [
    "# 2018-02-16 / FMA sub-sampling mk2\n",
    "\n",
    "* In case entrofy is too slow / doesn't work out, we'll make a backup sampler\n",
    "* Requirements:\n",
    "    * subsample of size N\n",
    "    * for each instrument, at least K positives\n",
    "    "
   ]
  },
  {
   "cell_type": "code",
   "execution_count": 1,
   "metadata": {},
   "outputs": [],
   "source": [
    "import numpy as np\n",
    "import pandas as pd\n",
    "from tqdm import tqdm_notebook as tqdm"
   ]
  },
  {
   "cell_type": "code",
   "execution_count": 85,
   "metadata": {},
   "outputs": [],
   "source": [
    "import seaborn as sns"
   ]
  },
  {
   "cell_type": "code",
   "execution_count": 3,
   "metadata": {},
   "outputs": [],
   "source": [
    "%matplotlib nbagg"
   ]
  },
  {
   "cell_type": "code",
   "execution_count": 24,
   "metadata": {},
   "outputs": [],
   "source": [
    "df = pd.read_csv('/home/bmcfee/data/vggish-likelihoods-a226b3-maxagg10.csv.gz', index_col=0)"
   ]
  },
  {
   "cell_type": "code",
   "execution_count": 25,
   "metadata": {},
   "outputs": [
    {
     "data": {
      "text/html": [
       "<div>\n",
       "<style>\n",
       "    .dataframe thead tr:only-child th {\n",
       "        text-align: right;\n",
       "    }\n",
       "\n",
       "    .dataframe thead th {\n",
       "        text-align: left;\n",
       "    }\n",
       "\n",
       "    .dataframe tbody tr th {\n",
       "        vertical-align: top;\n",
       "    }\n",
       "</style>\n",
       "<table border=\"1\" class=\"dataframe\">\n",
       "  <thead>\n",
       "    <tr style=\"text-align: right;\">\n",
       "      <th></th>\n",
       "      <th>accordion</th>\n",
       "      <th>bagpipes</th>\n",
       "      <th>banjo</th>\n",
       "      <th>bass</th>\n",
       "      <th>cello</th>\n",
       "      <th>clarinet</th>\n",
       "      <th>cymbals</th>\n",
       "      <th>drums</th>\n",
       "      <th>flute</th>\n",
       "      <th>guitar</th>\n",
       "      <th>...</th>\n",
       "      <th>mandolin</th>\n",
       "      <th>organ</th>\n",
       "      <th>piano</th>\n",
       "      <th>saxophone</th>\n",
       "      <th>synthesizer</th>\n",
       "      <th>trombone</th>\n",
       "      <th>trumpet</th>\n",
       "      <th>ukulele</th>\n",
       "      <th>violin</th>\n",
       "      <th>voice</th>\n",
       "    </tr>\n",
       "  </thead>\n",
       "  <tbody>\n",
       "    <tr>\n",
       "      <th>000002_0000</th>\n",
       "      <td>0.01542</td>\n",
       "      <td>0.008608</td>\n",
       "      <td>0.010215</td>\n",
       "      <td>0.035007</td>\n",
       "      <td>0.008873</td>\n",
       "      <td>0.00893</td>\n",
       "      <td>0.086853</td>\n",
       "      <td>0.671350</td>\n",
       "      <td>0.021807</td>\n",
       "      <td>0.135010</td>\n",
       "      <td>...</td>\n",
       "      <td>0.006079</td>\n",
       "      <td>0.011073</td>\n",
       "      <td>0.084341</td>\n",
       "      <td>0.015115</td>\n",
       "      <td>0.781432</td>\n",
       "      <td>0.012166</td>\n",
       "      <td>0.025021</td>\n",
       "      <td>0.044818</td>\n",
       "      <td>0.067646</td>\n",
       "      <td>0.999691</td>\n",
       "    </tr>\n",
       "    <tr>\n",
       "      <th>000002_0001</th>\n",
       "      <td>0.01542</td>\n",
       "      <td>0.008608</td>\n",
       "      <td>0.010215</td>\n",
       "      <td>0.076214</td>\n",
       "      <td>0.008873</td>\n",
       "      <td>0.00893</td>\n",
       "      <td>0.086853</td>\n",
       "      <td>0.630533</td>\n",
       "      <td>0.021807</td>\n",
       "      <td>0.244505</td>\n",
       "      <td>...</td>\n",
       "      <td>0.006079</td>\n",
       "      <td>0.011073</td>\n",
       "      <td>0.084341</td>\n",
       "      <td>0.015115</td>\n",
       "      <td>0.781432</td>\n",
       "      <td>0.012166</td>\n",
       "      <td>0.025021</td>\n",
       "      <td>0.044818</td>\n",
       "      <td>0.067646</td>\n",
       "      <td>0.999691</td>\n",
       "    </tr>\n",
       "    <tr>\n",
       "      <th>000002_0002</th>\n",
       "      <td>0.01542</td>\n",
       "      <td>0.008608</td>\n",
       "      <td>0.010215</td>\n",
       "      <td>0.076214</td>\n",
       "      <td>0.008873</td>\n",
       "      <td>0.00893</td>\n",
       "      <td>0.089177</td>\n",
       "      <td>0.858667</td>\n",
       "      <td>0.021807</td>\n",
       "      <td>0.244505</td>\n",
       "      <td>...</td>\n",
       "      <td>0.006079</td>\n",
       "      <td>0.011073</td>\n",
       "      <td>0.084341</td>\n",
       "      <td>0.015115</td>\n",
       "      <td>0.188291</td>\n",
       "      <td>0.012166</td>\n",
       "      <td>0.025021</td>\n",
       "      <td>0.044818</td>\n",
       "      <td>0.067646</td>\n",
       "      <td>0.999691</td>\n",
       "    </tr>\n",
       "    <tr>\n",
       "      <th>000002_0003</th>\n",
       "      <td>0.01542</td>\n",
       "      <td>0.008608</td>\n",
       "      <td>0.010215</td>\n",
       "      <td>0.076214</td>\n",
       "      <td>0.004974</td>\n",
       "      <td>0.00893</td>\n",
       "      <td>0.089177</td>\n",
       "      <td>0.858667</td>\n",
       "      <td>0.012667</td>\n",
       "      <td>0.244505</td>\n",
       "      <td>...</td>\n",
       "      <td>0.003388</td>\n",
       "      <td>0.009051</td>\n",
       "      <td>0.040380</td>\n",
       "      <td>0.009120</td>\n",
       "      <td>0.131694</td>\n",
       "      <td>0.005950</td>\n",
       "      <td>0.014247</td>\n",
       "      <td>0.044818</td>\n",
       "      <td>0.067646</td>\n",
       "      <td>0.999691</td>\n",
       "    </tr>\n",
       "    <tr>\n",
       "      <th>000002_0004</th>\n",
       "      <td>0.01542</td>\n",
       "      <td>0.008608</td>\n",
       "      <td>0.009334</td>\n",
       "      <td>0.076214</td>\n",
       "      <td>0.004974</td>\n",
       "      <td>0.00893</td>\n",
       "      <td>0.089177</td>\n",
       "      <td>0.858667</td>\n",
       "      <td>0.012667</td>\n",
       "      <td>0.244505</td>\n",
       "      <td>...</td>\n",
       "      <td>0.003388</td>\n",
       "      <td>0.017866</td>\n",
       "      <td>0.078745</td>\n",
       "      <td>0.009120</td>\n",
       "      <td>0.204007</td>\n",
       "      <td>0.005950</td>\n",
       "      <td>0.014247</td>\n",
       "      <td>0.028634</td>\n",
       "      <td>0.088025</td>\n",
       "      <td>0.999691</td>\n",
       "    </tr>\n",
       "  </tbody>\n",
       "</table>\n",
       "<p>5 rows × 23 columns</p>\n",
       "</div>"
      ],
      "text/plain": [
       "             accordion  bagpipes     banjo      bass     cello  clarinet  \\\n",
       "000002_0000    0.01542  0.008608  0.010215  0.035007  0.008873   0.00893   \n",
       "000002_0001    0.01542  0.008608  0.010215  0.076214  0.008873   0.00893   \n",
       "000002_0002    0.01542  0.008608  0.010215  0.076214  0.008873   0.00893   \n",
       "000002_0003    0.01542  0.008608  0.010215  0.076214  0.004974   0.00893   \n",
       "000002_0004    0.01542  0.008608  0.009334  0.076214  0.004974   0.00893   \n",
       "\n",
       "              cymbals     drums     flute    guitar    ...     mandolin  \\\n",
       "000002_0000  0.086853  0.671350  0.021807  0.135010    ...     0.006079   \n",
       "000002_0001  0.086853  0.630533  0.021807  0.244505    ...     0.006079   \n",
       "000002_0002  0.089177  0.858667  0.021807  0.244505    ...     0.006079   \n",
       "000002_0003  0.089177  0.858667  0.012667  0.244505    ...     0.003388   \n",
       "000002_0004  0.089177  0.858667  0.012667  0.244505    ...     0.003388   \n",
       "\n",
       "                organ     piano  saxophone  synthesizer  trombone   trumpet  \\\n",
       "000002_0000  0.011073  0.084341   0.015115     0.781432  0.012166  0.025021   \n",
       "000002_0001  0.011073  0.084341   0.015115     0.781432  0.012166  0.025021   \n",
       "000002_0002  0.011073  0.084341   0.015115     0.188291  0.012166  0.025021   \n",
       "000002_0003  0.009051  0.040380   0.009120     0.131694  0.005950  0.014247   \n",
       "000002_0004  0.017866  0.078745   0.009120     0.204007  0.005950  0.014247   \n",
       "\n",
       "              ukulele    violin     voice  \n",
       "000002_0000  0.044818  0.067646  0.999691  \n",
       "000002_0001  0.044818  0.067646  0.999691  \n",
       "000002_0002  0.044818  0.067646  0.999691  \n",
       "000002_0003  0.044818  0.067646  0.999691  \n",
       "000002_0004  0.028634  0.088025  0.999691  \n",
       "\n",
       "[5 rows x 23 columns]"
      ]
     },
     "execution_count": 25,
     "metadata": {},
     "output_type": "execute_result"
    }
   ],
   "source": [
    "df.head(5)"
   ]
  },
  {
   "cell_type": "code",
   "execution_count": 26,
   "metadata": {},
   "outputs": [],
   "source": [
    "K = 500\n",
    "N = K * 23"
   ]
  },
  {
   "cell_type": "markdown",
   "metadata": {},
   "source": [
    "# Algorithm\n",
    "- For each instrument, take the top-K track-distinct entries.\n",
    "- Skip tracks that have already appeared\n",
    "- Take instruments in ascending order of median likelihood"
   ]
  },
  {
   "cell_type": "code",
   "execution_count": 42,
   "metadata": {},
   "outputs": [],
   "source": [
    "dfm = df.median(axis=0)"
   ]
  },
  {
   "cell_type": "code",
   "execution_count": 47,
   "metadata": {},
   "outputs": [
    {
     "data": {
      "text/plain": [
       "Index(['banjo', 'mandolin', 'harp', 'clarinet', 'bagpipes', 'accordion',\n",
       "       'harmonica', 'ukulele', 'trombone', 'trumpet', 'cello', 'saxophone',\n",
       "       'flute', 'organ', 'mallet_percussion', 'cymbals', 'violin', 'piano',\n",
       "       'bass', 'synthesizer', 'guitar', 'drums', 'voice'],\n",
       "      dtype='object')"
      ]
     },
     "execution_count": 47,
     "metadata": {},
     "output_type": "execute_result"
    }
   ],
   "source": [
    "dfm.sort_values().index"
   ]
  },
  {
   "cell_type": "code",
   "execution_count": 48,
   "metadata": {},
   "outputs": [
    {
     "data": {
      "application/vnd.jupyter.widget-view+json": {
       "model_id": "4322ae1a491249be905773d190706fd1",
       "version_major": 2,
       "version_minor": 0
      },
      "text/html": [
       "<p>Failed to display Jupyter Widget of type <code>HBox</code>.</p>\n",
       "<p>\n",
       "  If you're reading this message in Jupyter Notebook or JupyterLab, it may mean\n",
       "  that the widgets JavaScript is still loading. If this message persists, it\n",
       "  likely means that the widgets JavaScript library is either not installed or\n",
       "  not enabled. See the <a href=\"https://ipywidgets.readthedocs.io/en/stable/user_install.html\">Jupyter\n",
       "  Widgets Documentation</a> for setup instructions.\n",
       "</p>\n",
       "<p>\n",
       "  If you're reading this message in another notebook frontend (for example, a static\n",
       "  rendering on GitHub or <a href=\"https://nbviewer.jupyter.org/\">NBViewer</a>),\n",
       "  it may mean that your frontend doesn't currently support widgets.\n",
       "</p>\n"
      ],
      "text/plain": [
       "HBox(children=(IntProgress(value=0, max=23), HTML(value='')))"
      ]
     },
     "metadata": {},
     "output_type": "display_data"
    },
    {
     "name": "stdout",
     "output_type": "stream",
     "text": [
      "\n"
     ]
    }
   ],
   "source": [
    "idx_set = set()\n",
    "\n",
    "track_set = set()\n",
    "\n",
    "for col in tqdm(dfm.sort_values().index):\n",
    "        \n",
    "    idx_inst = df[col].sort_values(ascending=False).index\n",
    "    count = 0\n",
    "    \n",
    "    for v in idx_inst:\n",
    "        track, seg = v.split('_', maxsplit=1)\n",
    "        \n",
    "        if track in track_set:\n",
    "            continue\n",
    "            \n",
    "        idx_set.add(v)\n",
    "        track_set.add(track)\n",
    "        count += 1\n",
    "        \n",
    "        if count == K:\n",
    "            break"
   ]
  },
  {
   "cell_type": "code",
   "execution_count": 49,
   "metadata": {},
   "outputs": [],
   "source": [
    "df_sample = df.loc[idx_set]"
   ]
  },
  {
   "cell_type": "code",
   "execution_count": 50,
   "metadata": {},
   "outputs": [
    {
     "data": {
      "text/html": [
       "<div>\n",
       "<style>\n",
       "    .dataframe thead tr:only-child th {\n",
       "        text-align: right;\n",
       "    }\n",
       "\n",
       "    .dataframe thead th {\n",
       "        text-align: left;\n",
       "    }\n",
       "\n",
       "    .dataframe tbody tr th {\n",
       "        vertical-align: top;\n",
       "    }\n",
       "</style>\n",
       "<table border=\"1\" class=\"dataframe\">\n",
       "  <thead>\n",
       "    <tr style=\"text-align: right;\">\n",
       "      <th></th>\n",
       "      <th>accordion</th>\n",
       "      <th>bagpipes</th>\n",
       "      <th>banjo</th>\n",
       "      <th>bass</th>\n",
       "      <th>cello</th>\n",
       "      <th>clarinet</th>\n",
       "      <th>cymbals</th>\n",
       "      <th>drums</th>\n",
       "      <th>flute</th>\n",
       "      <th>guitar</th>\n",
       "      <th>...</th>\n",
       "      <th>mandolin</th>\n",
       "      <th>organ</th>\n",
       "      <th>piano</th>\n",
       "      <th>saxophone</th>\n",
       "      <th>synthesizer</th>\n",
       "      <th>trombone</th>\n",
       "      <th>trumpet</th>\n",
       "      <th>ukulele</th>\n",
       "      <th>violin</th>\n",
       "      <th>voice</th>\n",
       "    </tr>\n",
       "  </thead>\n",
       "  <tbody>\n",
       "    <tr>\n",
       "      <th>count</th>\n",
       "      <td>11500.000000</td>\n",
       "      <td>1.150000e+04</td>\n",
       "      <td>11500.000000</td>\n",
       "      <td>11500.000000</td>\n",
       "      <td>11500.000000</td>\n",
       "      <td>11500.000000</td>\n",
       "      <td>11500.000000</td>\n",
       "      <td>11500.000000</td>\n",
       "      <td>11500.000000</td>\n",
       "      <td>11500.000000</td>\n",
       "      <td>...</td>\n",
       "      <td>11500.000000</td>\n",
       "      <td>11500.000000</td>\n",
       "      <td>11500.000000</td>\n",
       "      <td>11500.000000</td>\n",
       "      <td>11500.000000</td>\n",
       "      <td>11500.000000</td>\n",
       "      <td>11500.000000</td>\n",
       "      <td>11500.000000</td>\n",
       "      <td>11500.000000</td>\n",
       "      <td>11500.000000</td>\n",
       "    </tr>\n",
       "    <tr>\n",
       "      <th>mean</th>\n",
       "      <td>0.085787</td>\n",
       "      <td>7.199531e-02</td>\n",
       "      <td>0.054406</td>\n",
       "      <td>0.173591</td>\n",
       "      <td>0.102443</td>\n",
       "      <td>0.058038</td>\n",
       "      <td>0.092790</td>\n",
       "      <td>0.377352</td>\n",
       "      <td>0.124724</td>\n",
       "      <td>0.517153</td>\n",
       "      <td>...</td>\n",
       "      <td>0.059258</td>\n",
       "      <td>0.109836</td>\n",
       "      <td>0.201940</td>\n",
       "      <td>0.120517</td>\n",
       "      <td>0.266107</td>\n",
       "      <td>0.093009</td>\n",
       "      <td>0.111922</td>\n",
       "      <td>0.094019</td>\n",
       "      <td>0.289565</td>\n",
       "      <td>0.483926</td>\n",
       "    </tr>\n",
       "    <tr>\n",
       "      <th>std</th>\n",
       "      <td>0.216186</td>\n",
       "      <td>2.189486e-01</td>\n",
       "      <td>0.183548</td>\n",
       "      <td>0.196825</td>\n",
       "      <td>0.206596</td>\n",
       "      <td>0.155045</td>\n",
       "      <td>0.187944</td>\n",
       "      <td>0.319502</td>\n",
       "      <td>0.241927</td>\n",
       "      <td>0.337568</td>\n",
       "      <td>...</td>\n",
       "      <td>0.159600</td>\n",
       "      <td>0.198223</td>\n",
       "      <td>0.211666</td>\n",
       "      <td>0.231770</td>\n",
       "      <td>0.264546</td>\n",
       "      <td>0.202217</td>\n",
       "      <td>0.212164</td>\n",
       "      <td>0.201834</td>\n",
       "      <td>0.320587</td>\n",
       "      <td>0.331609</td>\n",
       "    </tr>\n",
       "    <tr>\n",
       "      <th>min</th>\n",
       "      <td>0.000015</td>\n",
       "      <td>1.050304e-07</td>\n",
       "      <td>0.000003</td>\n",
       "      <td>0.000856</td>\n",
       "      <td>0.000153</td>\n",
       "      <td>0.000037</td>\n",
       "      <td>0.000002</td>\n",
       "      <td>0.000070</td>\n",
       "      <td>0.000023</td>\n",
       "      <td>0.001715</td>\n",
       "      <td>...</td>\n",
       "      <td>0.000004</td>\n",
       "      <td>0.000094</td>\n",
       "      <td>0.001086</td>\n",
       "      <td>0.000132</td>\n",
       "      <td>0.000020</td>\n",
       "      <td>0.000011</td>\n",
       "      <td>0.000041</td>\n",
       "      <td>0.000012</td>\n",
       "      <td>0.000242</td>\n",
       "      <td>0.002652</td>\n",
       "    </tr>\n",
       "    <tr>\n",
       "      <th>25%</th>\n",
       "      <td>0.004035</td>\n",
       "      <td>1.688136e-03</td>\n",
       "      <td>0.001414</td>\n",
       "      <td>0.049797</td>\n",
       "      <td>0.012927</td>\n",
       "      <td>0.004810</td>\n",
       "      <td>0.010485</td>\n",
       "      <td>0.095295</td>\n",
       "      <td>0.011623</td>\n",
       "      <td>0.202477</td>\n",
       "      <td>...</td>\n",
       "      <td>0.002033</td>\n",
       "      <td>0.018933</td>\n",
       "      <td>0.078108</td>\n",
       "      <td>0.012683</td>\n",
       "      <td>0.049319</td>\n",
       "      <td>0.006875</td>\n",
       "      <td>0.009251</td>\n",
       "      <td>0.004268</td>\n",
       "      <td>0.054098</td>\n",
       "      <td>0.189448</td>\n",
       "    </tr>\n",
       "    <tr>\n",
       "      <th>50%</th>\n",
       "      <td>0.012542</td>\n",
       "      <td>6.368988e-03</td>\n",
       "      <td>0.004610</td>\n",
       "      <td>0.105575</td>\n",
       "      <td>0.028529</td>\n",
       "      <td>0.013288</td>\n",
       "      <td>0.030221</td>\n",
       "      <td>0.282790</td>\n",
       "      <td>0.030994</td>\n",
       "      <td>0.454625</td>\n",
       "      <td>...</td>\n",
       "      <td>0.005547</td>\n",
       "      <td>0.042239</td>\n",
       "      <td>0.139646</td>\n",
       "      <td>0.027828</td>\n",
       "      <td>0.173179</td>\n",
       "      <td>0.016869</td>\n",
       "      <td>0.023927</td>\n",
       "      <td>0.012511</td>\n",
       "      <td>0.141109</td>\n",
       "      <td>0.401221</td>\n",
       "    </tr>\n",
       "    <tr>\n",
       "      <th>75%</th>\n",
       "      <td>0.044121</td>\n",
       "      <td>2.315261e-02</td>\n",
       "      <td>0.015032</td>\n",
       "      <td>0.206402</td>\n",
       "      <td>0.068752</td>\n",
       "      <td>0.036228</td>\n",
       "      <td>0.078883</td>\n",
       "      <td>0.601537</td>\n",
       "      <td>0.084218</td>\n",
       "      <td>0.889630</td>\n",
       "      <td>...</td>\n",
       "      <td>0.018741</td>\n",
       "      <td>0.098972</td>\n",
       "      <td>0.236478</td>\n",
       "      <td>0.084476</td>\n",
       "      <td>0.411509</td>\n",
       "      <td>0.054253</td>\n",
       "      <td>0.076791</td>\n",
       "      <td>0.049772</td>\n",
       "      <td>0.427234</td>\n",
       "      <td>0.823966</td>\n",
       "    </tr>\n",
       "    <tr>\n",
       "      <th>max</th>\n",
       "      <td>0.989912</td>\n",
       "      <td>9.993549e-01</td>\n",
       "      <td>0.981382</td>\n",
       "      <td>0.924326</td>\n",
       "      <td>0.951616</td>\n",
       "      <td>0.965801</td>\n",
       "      <td>0.955233</td>\n",
       "      <td>0.999531</td>\n",
       "      <td>0.994685</td>\n",
       "      <td>0.999874</td>\n",
       "      <td>...</td>\n",
       "      <td>0.913021</td>\n",
       "      <td>0.981344</td>\n",
       "      <td>0.970724</td>\n",
       "      <td>0.966764</td>\n",
       "      <td>0.971533</td>\n",
       "      <td>0.950456</td>\n",
       "      <td>0.943341</td>\n",
       "      <td>0.944238</td>\n",
       "      <td>0.999661</td>\n",
       "      <td>0.999998</td>\n",
       "    </tr>\n",
       "  </tbody>\n",
       "</table>\n",
       "<p>8 rows × 23 columns</p>\n",
       "</div>"
      ],
      "text/plain": [
       "          accordion      bagpipes         banjo          bass         cello  \\\n",
       "count  11500.000000  1.150000e+04  11500.000000  11500.000000  11500.000000   \n",
       "mean       0.085787  7.199531e-02      0.054406      0.173591      0.102443   \n",
       "std        0.216186  2.189486e-01      0.183548      0.196825      0.206596   \n",
       "min        0.000015  1.050304e-07      0.000003      0.000856      0.000153   \n",
       "25%        0.004035  1.688136e-03      0.001414      0.049797      0.012927   \n",
       "50%        0.012542  6.368988e-03      0.004610      0.105575      0.028529   \n",
       "75%        0.044121  2.315261e-02      0.015032      0.206402      0.068752   \n",
       "max        0.989912  9.993549e-01      0.981382      0.924326      0.951616   \n",
       "\n",
       "           clarinet       cymbals         drums         flute        guitar  \\\n",
       "count  11500.000000  11500.000000  11500.000000  11500.000000  11500.000000   \n",
       "mean       0.058038      0.092790      0.377352      0.124724      0.517153   \n",
       "std        0.155045      0.187944      0.319502      0.241927      0.337568   \n",
       "min        0.000037      0.000002      0.000070      0.000023      0.001715   \n",
       "25%        0.004810      0.010485      0.095295      0.011623      0.202477   \n",
       "50%        0.013288      0.030221      0.282790      0.030994      0.454625   \n",
       "75%        0.036228      0.078883      0.601537      0.084218      0.889630   \n",
       "max        0.965801      0.955233      0.999531      0.994685      0.999874   \n",
       "\n",
       "           ...           mandolin         organ         piano     saxophone  \\\n",
       "count      ...       11500.000000  11500.000000  11500.000000  11500.000000   \n",
       "mean       ...           0.059258      0.109836      0.201940      0.120517   \n",
       "std        ...           0.159600      0.198223      0.211666      0.231770   \n",
       "min        ...           0.000004      0.000094      0.001086      0.000132   \n",
       "25%        ...           0.002033      0.018933      0.078108      0.012683   \n",
       "50%        ...           0.005547      0.042239      0.139646      0.027828   \n",
       "75%        ...           0.018741      0.098972      0.236478      0.084476   \n",
       "max        ...           0.913021      0.981344      0.970724      0.966764   \n",
       "\n",
       "        synthesizer      trombone       trumpet       ukulele        violin  \\\n",
       "count  11500.000000  11500.000000  11500.000000  11500.000000  11500.000000   \n",
       "mean       0.266107      0.093009      0.111922      0.094019      0.289565   \n",
       "std        0.264546      0.202217      0.212164      0.201834      0.320587   \n",
       "min        0.000020      0.000011      0.000041      0.000012      0.000242   \n",
       "25%        0.049319      0.006875      0.009251      0.004268      0.054098   \n",
       "50%        0.173179      0.016869      0.023927      0.012511      0.141109   \n",
       "75%        0.411509      0.054253      0.076791      0.049772      0.427234   \n",
       "max        0.971533      0.950456      0.943341      0.944238      0.999661   \n",
       "\n",
       "              voice  \n",
       "count  11500.000000  \n",
       "mean       0.483926  \n",
       "std        0.331609  \n",
       "min        0.002652  \n",
       "25%        0.189448  \n",
       "50%        0.401221  \n",
       "75%        0.823966  \n",
       "max        0.999998  \n",
       "\n",
       "[8 rows x 23 columns]"
      ]
     },
     "execution_count": 50,
     "metadata": {},
     "output_type": "execute_result"
    }
   ],
   "source": [
    "df_sample.describe()"
   ]
  },
  {
   "cell_type": "code",
   "execution_count": 55,
   "metadata": {},
   "outputs": [],
   "source": [
    "Xs = df_sample.values"
   ]
  },
  {
   "cell_type": "code",
   "execution_count": 61,
   "metadata": {},
   "outputs": [
    {
     "data": {
      "text/plain": [
       "array([[  4.7e-02,   5.7e-03,  -1.1e-03,  -5.4e-03,  -2.5e-04,   1.3e-03,\n",
       "         -4.0e-03,  -7.5e-03,  -1.4e-03,  -1.0e-02,   1.5e-02,  -3.2e-03,\n",
       "         -4.0e-03,  -1.1e-03,   4.1e-03,  -2.4e-04,   3.1e-03,  -9.5e-04,\n",
       "          1.7e-03,   2.2e-03,  -2.8e-03,   1.5e-02,   2.8e-03],\n",
       "       [  5.7e-03,   4.8e-02,  -2.5e-03,  -5.0e-03,  -1.4e-03,   3.4e-04,\n",
       "         -2.1e-03,  -1.6e-03,   4.1e-05,  -7.7e-03,   9.1e-03,  -3.3e-03,\n",
       "         -2.9e-03,  -1.9e-03,   1.5e-03,  -2.8e-03,   2.5e-04,   8.9e-04,\n",
       "         -1.6e-03,   6.8e-04,  -4.4e-03,   1.7e-02,  -9.9e-05],\n",
       "       [ -1.1e-03,  -2.5e-03,   3.4e-02,  -2.6e-03,  -2.6e-03,  -2.0e-03,\n",
       "         -2.7e-03,  -2.5e-03,  -3.5e-03,   1.1e-02,  -1.6e-03,  -1.6e-04,\n",
       "         -1.4e-03,   8.8e-03,  -3.0e-03,  -2.7e-03,  -2.8e-03,  -6.1e-03,\n",
       "         -1.9e-03,  -2.7e-03,   1.1e-02,  -9.1e-04,   6.9e-03],\n",
       "       [ -5.4e-03,  -5.0e-03,  -2.6e-03,   3.9e-02,   1.6e-02,  -1.3e-04,\n",
       "         -7.7e-05,   7.7e-03,  -6.6e-03,   3.4e-02,  -6.0e-03,  -1.1e-03,\n",
       "         -4.9e-03,  -3.4e-03,  -2.7e-03,  -4.8e-03,   8.9e-04,   5.2e-03,\n",
       "         -5.4e-04,  -4.0e-03,  -2.9e-03,  -7.8e-03,  -4.0e-04],\n",
       "       [ -2.5e-04,  -1.4e-03,  -2.6e-03,   1.6e-02,   4.3e-02,   4.5e-03,\n",
       "         -5.1e-03,  -1.1e-02,   4.9e-05,  -2.6e-03,  -2.4e-03,  -1.4e-03,\n",
       "         -3.5e-03,  -2.5e-03,   1.8e-03,   8.3e-04,   6.9e-03,  -2.2e-03,\n",
       "          3.1e-03,   1.1e-03,  -4.5e-03,   2.6e-02,   9.7e-05],\n",
       "       [  1.3e-03,   3.4e-04,  -2.0e-03,  -1.3e-04,   4.5e-03,   2.4e-02,\n",
       "         -2.4e-03,  -4.6e-03,   1.4e-02,  -1.8e-03,   1.5e-03,  -1.8e-03,\n",
       "         -1.2e-03,  -1.9e-03,   9.0e-04,   3.8e-04,   1.3e-02,   8.3e-04,\n",
       "          4.7e-03,   9.3e-03,  -2.9e-03,   1.1e-02,  -1.8e-03],\n",
       "       [ -4.0e-03,  -2.1e-03,  -2.7e-03,  -7.7e-05,  -5.1e-03,  -2.4e-03,\n",
       "          3.5e-02,   3.7e-02,  -4.9e-03,   3.8e-03,  -3.7e-03,  -3.1e-03,\n",
       "         -1.8e-03,  -2.9e-03,  -5.2e-03,  -7.1e-03,  -1.5e-03,  -4.8e-03,\n",
       "         -2.6e-03,  -3.0e-03,  -4.4e-03,  -1.3e-02,  -4.7e-04],\n",
       "       [ -7.5e-03,  -1.6e-03,  -2.5e-03,   7.7e-03,  -1.1e-02,  -4.6e-03,\n",
       "          3.7e-02,   1.0e-01,  -9.1e-03,   6.6e-03,  -8.2e-03,  -6.8e-03,\n",
       "          1.1e-03,  -4.0e-03,  -9.9e-03,  -1.7e-02,  -9.8e-04,   1.6e-02,\n",
       "          1.0e-04,  -1.7e-03,  -6.3e-03,  -3.1e-02,   1.3e-02],\n",
       "       [ -1.4e-03,   4.1e-05,  -3.5e-03,  -6.6e-03,   4.9e-05,   1.4e-02,\n",
       "         -4.9e-03,  -9.1e-03,   5.9e-02,  -1.0e-02,   5.2e-03,  -2.1e-03,\n",
       "          2.6e-03,  -1.4e-03,  -3.1e-04,   3.0e-04,   7.3e-03,   3.5e-03,\n",
       "          1.3e-03,   9.1e-03,  -3.1e-03,   1.6e-02,   4.1e-03],\n",
       "       [ -1.0e-02,  -7.7e-03,   1.1e-02,   3.4e-02,  -2.6e-03,  -1.8e-03,\n",
       "          3.8e-03,   6.6e-03,  -1.0e-02,   1.1e-01,  -4.0e-03,   1.2e-02,\n",
       "         -4.7e-03,   1.0e-02,  -9.8e-03,  -7.3e-03,   3.4e-03,  -3.8e-03,\n",
       "         -4.3e-03,  -7.7e-03,   1.9e-02,  -2.7e-02,   1.2e-02],\n",
       "       [  1.5e-02,   9.1e-03,  -1.6e-03,  -6.0e-03,  -2.4e-03,   1.5e-03,\n",
       "         -3.7e-03,  -8.2e-03,   5.2e-03,  -4.0e-03,   4.7e-02,  -3.2e-03,\n",
       "         -2.4e-03,   5.3e-04,  -3.7e-04,  -1.4e-03,   1.7e-03,  -2.0e-04,\n",
       "         -2.9e-03,  -1.1e-04,  -1.5e-03,   2.1e-02,  -1.9e-03],\n",
       "       [ -3.2e-03,  -3.3e-03,  -1.6e-04,  -1.1e-03,  -1.4e-03,  -1.8e-03,\n",
       "         -3.1e-03,  -6.8e-03,  -2.1e-03,   1.2e-02,  -3.2e-03,   3.7e-02,\n",
       "          6.1e-03,   3.9e-03,  -1.8e-03,   7.1e-03,  -4.0e-03,  -1.8e-03,\n",
       "         -3.5e-03,  -4.4e-03,   8.1e-03,  -5.4e-03,  -1.7e-03],\n",
       "       [ -4.0e-03,  -2.9e-03,  -1.4e-03,  -4.9e-03,  -3.5e-03,  -1.2e-03,\n",
       "         -1.8e-03,   1.1e-03,   2.6e-03,  -4.7e-03,  -2.4e-03,   6.1e-03,\n",
       "          4.9e-02,  -1.4e-04,   8.3e-04,   7.2e-03,  -5.1e-03,   8.4e-03,\n",
       "         -3.6e-03,  -4.0e-03,   3.1e-03,  -5.8e-03,  -5.5e-04],\n",
       "       [ -1.1e-03,  -1.9e-03,   8.8e-03,  -3.4e-03,  -2.5e-03,  -1.9e-03,\n",
       "         -2.9e-03,  -4.0e-03,  -1.4e-03,   1.0e-02,   5.3e-04,   3.9e-03,\n",
       "         -1.4e-04,   2.5e-02,  -2.7e-03,  -1.9e-03,  -3.3e-03,  -2.9e-03,\n",
       "         -3.1e-03,  -3.4e-03,   1.9e-02,   4.8e-03,  -3.7e-04],\n",
       "       [  4.1e-03,   1.5e-03,  -3.0e-03,  -2.7e-03,   1.8e-03,   9.0e-04,\n",
       "         -5.2e-03,  -9.9e-03,  -3.1e-04,  -9.8e-03,  -3.7e-04,  -1.8e-03,\n",
       "          8.3e-04,  -2.7e-03,   3.9e-02,   9.9e-03,  -2.9e-03,   6.3e-03,\n",
       "          2.4e-03,   1.6e-03,  -5.0e-03,   3.3e-03,  -1.6e-03],\n",
       "       [ -2.4e-04,  -2.8e-03,  -2.7e-03,  -4.8e-03,   8.3e-04,   3.8e-04,\n",
       "         -7.1e-03,  -1.7e-02,   3.0e-04,  -7.3e-03,  -1.4e-03,   7.1e-03,\n",
       "          7.2e-03,  -1.9e-03,   9.9e-03,   4.5e-02,  -3.3e-03,   3.6e-03,\n",
       "          2.7e-04,  -1.1e-03,  -3.3e-03,  -1.4e-03,  -5.8e-03],\n",
       "       [  3.1e-03,   2.5e-04,  -2.8e-03,   8.9e-04,   6.9e-03,   1.3e-02,\n",
       "         -1.5e-03,  -9.8e-04,   7.3e-03,   3.4e-03,   1.7e-03,  -4.0e-03,\n",
       "         -5.1e-03,  -3.3e-03,  -2.9e-03,  -3.3e-03,   5.4e-02,  -1.2e-03,\n",
       "          1.3e-02,   1.7e-02,  -5.2e-03,   1.2e-02,   3.7e-03],\n",
       "       [ -9.5e-04,   8.9e-04,  -6.1e-03,   5.2e-03,  -2.2e-03,   8.3e-04,\n",
       "         -4.8e-03,   1.6e-02,   3.5e-03,  -3.8e-03,  -2.0e-04,  -1.8e-03,\n",
       "          8.4e-03,  -2.9e-03,   6.3e-03,   3.6e-03,  -1.2e-03,   7.0e-02,\n",
       "          1.5e-03,  -5.4e-04,  -5.6e-03,  -1.1e-02,  -1.3e-02],\n",
       "       [  1.7e-03,  -1.6e-03,  -1.9e-03,  -5.4e-04,   3.1e-03,   4.7e-03,\n",
       "         -2.6e-03,   1.0e-04,   1.3e-03,  -4.3e-03,  -2.9e-03,  -3.5e-03,\n",
       "         -3.6e-03,  -3.1e-03,   2.4e-03,   2.7e-04,   1.3e-02,   1.5e-03,\n",
       "          4.1e-02,   3.4e-02,  -4.6e-03,   5.3e-03,   1.6e-03],\n",
       "       [  2.2e-03,   6.8e-04,  -2.7e-03,  -4.0e-03,   1.1e-03,   9.3e-03,\n",
       "         -3.0e-03,  -1.7e-03,   9.1e-03,  -7.7e-03,  -1.1e-04,  -4.4e-03,\n",
       "         -4.0e-03,  -3.4e-03,   1.6e-03,  -1.1e-03,   1.7e-02,  -5.4e-04,\n",
       "          3.4e-02,   4.5e-02,  -5.4e-03,   1.4e-02,   1.5e-03],\n",
       "       [ -2.8e-03,  -4.4e-03,   1.1e-02,  -2.9e-03,  -4.5e-03,  -2.9e-03,\n",
       "         -4.4e-03,  -6.3e-03,  -3.1e-03,   1.9e-02,  -1.5e-03,   8.1e-03,\n",
       "          3.1e-03,   1.9e-02,  -5.0e-03,  -3.3e-03,  -5.2e-03,  -5.6e-03,\n",
       "         -4.6e-03,  -5.4e-03,   4.1e-02,  -2.6e-03,   6.9e-03],\n",
       "       [  1.5e-02,   1.7e-02,  -9.1e-04,  -7.8e-03,   2.6e-02,   1.1e-02,\n",
       "         -1.3e-02,  -3.1e-02,   1.6e-02,  -2.7e-02,   2.1e-02,  -5.4e-03,\n",
       "         -5.8e-03,   4.8e-03,   3.3e-03,  -1.4e-03,   1.2e-02,  -1.1e-02,\n",
       "          5.3e-03,   1.4e-02,  -2.6e-03,   1.0e-01,  -5.7e-04],\n",
       "       [  2.8e-03,  -9.9e-05,   6.9e-03,  -4.0e-04,   9.7e-05,  -1.8e-03,\n",
       "         -4.7e-04,   1.3e-02,   4.1e-03,   1.2e-02,  -1.9e-03,  -1.7e-03,\n",
       "         -5.5e-04,  -3.7e-04,  -1.6e-03,  -5.8e-03,   3.7e-03,  -1.3e-02,\n",
       "          1.6e-03,   1.5e-03,   6.9e-03,  -5.7e-04,   1.1e-01]])"
      ]
     },
     "execution_count": 61,
     "metadata": {},
     "output_type": "execute_result"
    }
   ],
   "source": [
    "np.cov(Xs.T)"
   ]
  },
  {
   "cell_type": "code",
   "execution_count": 62,
   "metadata": {},
   "outputs": [],
   "source": [
    "import matplotlib.pyplot as plt\n",
    "%matplotlib nbagg"
   ]
  },
  {
   "cell_type": "code",
   "execution_count": 103,
   "metadata": {},
   "outputs": [],
   "source": [
    "#C = np.cov(Xs.T)"
   ]
  },
  {
   "cell_type": "code",
   "execution_count": 108,
   "metadata": {},
   "outputs": [],
   "source": [
    "C = df_sample.corr()\n",
    "Co = df.corr()"
   ]
  },
  {
   "cell_type": "code",
   "execution_count": 112,
   "metadata": {},
   "outputs": [
    {
     "data": {
      "application/javascript": [
       "/* Put everything inside the global mpl namespace */\n",
       "window.mpl = {};\n",
       "\n",
       "\n",
       "mpl.get_websocket_type = function() {\n",
       "    if (typeof(WebSocket) !== 'undefined') {\n",
       "        return WebSocket;\n",
       "    } else if (typeof(MozWebSocket) !== 'undefined') {\n",
       "        return MozWebSocket;\n",
       "    } else {\n",
       "        alert('Your browser does not have WebSocket support.' +\n",
       "              'Please try Chrome, Safari or Firefox ≥ 6. ' +\n",
       "              'Firefox 4 and 5 are also supported but you ' +\n",
       "              'have to enable WebSockets in about:config.');\n",
       "    };\n",
       "}\n",
       "\n",
       "mpl.figure = function(figure_id, websocket, ondownload, parent_element) {\n",
       "    this.id = figure_id;\n",
       "\n",
       "    this.ws = websocket;\n",
       "\n",
       "    this.supports_binary = (this.ws.binaryType != undefined);\n",
       "\n",
       "    if (!this.supports_binary) {\n",
       "        var warnings = document.getElementById(\"mpl-warnings\");\n",
       "        if (warnings) {\n",
       "            warnings.style.display = 'block';\n",
       "            warnings.textContent = (\n",
       "                \"This browser does not support binary websocket messages. \" +\n",
       "                    \"Performance may be slow.\");\n",
       "        }\n",
       "    }\n",
       "\n",
       "    this.imageObj = new Image();\n",
       "\n",
       "    this.context = undefined;\n",
       "    this.message = undefined;\n",
       "    this.canvas = undefined;\n",
       "    this.rubberband_canvas = undefined;\n",
       "    this.rubberband_context = undefined;\n",
       "    this.format_dropdown = undefined;\n",
       "\n",
       "    this.image_mode = 'full';\n",
       "\n",
       "    this.root = $('<div/>');\n",
       "    this._root_extra_style(this.root)\n",
       "    this.root.attr('style', 'display: inline-block');\n",
       "\n",
       "    $(parent_element).append(this.root);\n",
       "\n",
       "    this._init_header(this);\n",
       "    this._init_canvas(this);\n",
       "    this._init_toolbar(this);\n",
       "\n",
       "    var fig = this;\n",
       "\n",
       "    this.waiting = false;\n",
       "\n",
       "    this.ws.onopen =  function () {\n",
       "            fig.send_message(\"supports_binary\", {value: fig.supports_binary});\n",
       "            fig.send_message(\"send_image_mode\", {});\n",
       "            if (mpl.ratio != 1) {\n",
       "                fig.send_message(\"set_dpi_ratio\", {'dpi_ratio': mpl.ratio});\n",
       "            }\n",
       "            fig.send_message(\"refresh\", {});\n",
       "        }\n",
       "\n",
       "    this.imageObj.onload = function() {\n",
       "            if (fig.image_mode == 'full') {\n",
       "                // Full images could contain transparency (where diff images\n",
       "                // almost always do), so we need to clear the canvas so that\n",
       "                // there is no ghosting.\n",
       "                fig.context.clearRect(0, 0, fig.canvas.width, fig.canvas.height);\n",
       "            }\n",
       "            fig.context.drawImage(fig.imageObj, 0, 0);\n",
       "        };\n",
       "\n",
       "    this.imageObj.onunload = function() {\n",
       "        fig.ws.close();\n",
       "    }\n",
       "\n",
       "    this.ws.onmessage = this._make_on_message_function(this);\n",
       "\n",
       "    this.ondownload = ondownload;\n",
       "}\n",
       "\n",
       "mpl.figure.prototype._init_header = function() {\n",
       "    var titlebar = $(\n",
       "        '<div class=\"ui-dialog-titlebar ui-widget-header ui-corner-all ' +\n",
       "        'ui-helper-clearfix\"/>');\n",
       "    var titletext = $(\n",
       "        '<div class=\"ui-dialog-title\" style=\"width: 100%; ' +\n",
       "        'text-align: center; padding: 3px;\"/>');\n",
       "    titlebar.append(titletext)\n",
       "    this.root.append(titlebar);\n",
       "    this.header = titletext[0];\n",
       "}\n",
       "\n",
       "\n",
       "\n",
       "mpl.figure.prototype._canvas_extra_style = function(canvas_div) {\n",
       "\n",
       "}\n",
       "\n",
       "\n",
       "mpl.figure.prototype._root_extra_style = function(canvas_div) {\n",
       "\n",
       "}\n",
       "\n",
       "mpl.figure.prototype._init_canvas = function() {\n",
       "    var fig = this;\n",
       "\n",
       "    var canvas_div = $('<div/>');\n",
       "\n",
       "    canvas_div.attr('style', 'position: relative; clear: both; outline: 0');\n",
       "\n",
       "    function canvas_keyboard_event(event) {\n",
       "        return fig.key_event(event, event['data']);\n",
       "    }\n",
       "\n",
       "    canvas_div.keydown('key_press', canvas_keyboard_event);\n",
       "    canvas_div.keyup('key_release', canvas_keyboard_event);\n",
       "    this.canvas_div = canvas_div\n",
       "    this._canvas_extra_style(canvas_div)\n",
       "    this.root.append(canvas_div);\n",
       "\n",
       "    var canvas = $('<canvas/>');\n",
       "    canvas.addClass('mpl-canvas');\n",
       "    canvas.attr('style', \"left: 0; top: 0; z-index: 0; outline: 0\")\n",
       "\n",
       "    this.canvas = canvas[0];\n",
       "    this.context = canvas[0].getContext(\"2d\");\n",
       "\n",
       "    var backingStore = this.context.backingStorePixelRatio ||\n",
       "\tthis.context.webkitBackingStorePixelRatio ||\n",
       "\tthis.context.mozBackingStorePixelRatio ||\n",
       "\tthis.context.msBackingStorePixelRatio ||\n",
       "\tthis.context.oBackingStorePixelRatio ||\n",
       "\tthis.context.backingStorePixelRatio || 1;\n",
       "\n",
       "    mpl.ratio = (window.devicePixelRatio || 1) / backingStore;\n",
       "\n",
       "    var rubberband = $('<canvas/>');\n",
       "    rubberband.attr('style', \"position: absolute; left: 0; top: 0; z-index: 1;\")\n",
       "\n",
       "    var pass_mouse_events = true;\n",
       "\n",
       "    canvas_div.resizable({\n",
       "        start: function(event, ui) {\n",
       "            pass_mouse_events = false;\n",
       "        },\n",
       "        resize: function(event, ui) {\n",
       "            fig.request_resize(ui.size.width, ui.size.height);\n",
       "        },\n",
       "        stop: function(event, ui) {\n",
       "            pass_mouse_events = true;\n",
